000
001
002
004
006
007
008
009
010
011
012
013
014
015
016
017
018
019
020
021
022
023
024
027
028
029
031
032
033
034
035
036
038
041
042
043
045
046
048
050
051
052
053
054
055
056
057
060
061
062
063
064
067
068
069
070
071
072
073
074
075
076
077
078
079
081
082
083
084
085
086
089
090
091
092
095
096
097
098
099
100
101
103
104
107
108
109
111
113
114
116
117
119
120
121
122
124
126
128
129
130
131
132
133
135
136
138
139
140
141
142
143
145
146
147
148
149
150
152
153
155
156
158
159
160
161
162
163
166
168
169
170
171
172
173
175
177
178
179
180
181
182
183
184
185
186
187
188
189
190
191
193
194
195
196
197
198
199
200
201
202
203
204
205
206
207
209
210
211
212
213
215
216
217
218
219
220
221
222
223
224
225
226
227
228
229
230
231
232
